-11.2317 -1.5492 -1.5492
-11.2317 -0.7746 -1.5492
-11.2317 4.44089e-15 -1.5492
-11.2317 0.7746 -1.5492
-11.2317 1.5492 -1.5492
-10.4571 -0.75552 -2.05651
-10.4571 -0.0525124 -1.73126
-10.4571 0.650495 -1.40601
-10.4571 1.3535 -1.08077
-10.4571 2.05651 -0.75552
-9.68245 0.177819 -2.18367
-9.68245 0.679282 -1.5933
-9.68245 1.18075 -1.00293
-9.68245 1.68221 -0.412554
-9.68245 2.18367 0.177819
-8.90785 1.07829 -1.90718
-8.90785 1.28551 -1.16081
-8.90785 1.49273 -0.414446
-8.90785 1.69996 0.331921
-8.90785 1.90718 1.07829
-8.13325 1.77943 -1.27815
-8.13325 1.65411 -0.51375
-8.13325 1.52879 0.250645
-8.13325 1.40347 1.01504
-8.13325 1.27815 1.77943
-7.35865 2.15165 -0.412844
-7.35865 1.71695 0.22828
-7.35865 1.28225 0.869403
-7.35865 0.847546 1.51053
-7.35865 0.412844 2.15165
-6.58405 2.12613 0.528772
-6.58405 1.46241 0.928112
-6.58405 0.798681 1.32745
-6.58405 0.134954 1.72679
-6.58405 -0.528772 2.12613
-5.80945 1.7076 1.37264
-5.80945 0.937538 1.45638
-5.80945 0.167477 1.54012
-5.80945 -0.602583 1.62386
-5.80945 -1.37264 1.7076
-5.03485 0.973412 1.96278
-5.03485 0.239364 1.71544
-5.03485 -0.494685 1.4681
-5.03485 -1.22873 1.22075
-5.03485 -1.96278 0.973412
-4.26025 0.0592901 2.1901
-4.26025 -0.503057 1.6574
-4.26025 -1.0654 1.12469
-4.26025 -1.62775 0.591992
-4.26025 -2.1901 0.0592901
-3.48565 -0.865792 2.01257
-3.48565 -1.15249 1.29298
-3.48565 -1.43918 0.57339
-3.48565 -1.72588 -0.146201
-3.48565 -2.01257 -0.865792
-2.71105 -1.63083 1.46302
-2.71105 -1.58888 0.689558
-2.71105 -1.54693 -0.0839049
-2.71105 -1.50497 -0.857368
-2.71105 -1.46302 -1.63083
-1.93645 -2.09441 0.64303
-1.93645 -1.73157 -0.0413301
-1.93645 -1.36872 -0.72569
-1.93645 -1.00587 -1.41005
-1.93645 -0.64303 -2.09441
-1.16185 -2.17084 -0.295826
-1.16185 -1.55417 -0.764578
-1.16185 -0.937505 -1.23333
-1.16185 -0.320839 -1.70208
-1.16185 0.295826 -2.17084
-0.38725 -1.84598 -1.18
-0.38725 -1.08949 -1.34649
-0.38725 -0.332991 -1.51299
-0.38725 0.423503 -1.67949
-0.38725 1.18 -1.84598
0.38725 -1.18 -1.84598
0.38725 -0.423503 -1.67949
0.38725 0.332991 -1.51299
0.38725 1.08949 -1.34649
0.38725 1.84598 -1.18
1.16185 -0.295826 -2.17084
1.16185 0.320839 -1.70208
1.16185 0.937505 -1.23333
1.16185 1.55417 -0.764578
1.16185 2.17084 -0.295826
1.93645 0.64303 -2.09441
1.93645 1.00587 -1.41005
1.93645 1.36872 -0.72569
1.93645 1.73157 -0.0413301
1.93645 2.09441 0.64303
2.71105 1.46302 -1.63083
2.71105 1.50497 -0.857368
2.71105 1.54693 -0.0839049
2.71105 1.58888 0.689558
2.71105 1.63083 1.46302
3.48565 2.01257 -0.865792
3.48565 1.72588 -0.146201
3.48565 1.43918 0.57339
3.48565 1.15249 1.29298
3.48565 0.865792 2.01257
4.26025 2.1901 0.0592901
4.26025 1.62775 0.591992
4.26025 1.0654 1.12469
4.26025 0.503057 1.6574
4.26025 -0.0592901 2.1901
5.03485 1.96278 0.973412
5.03485 1.22873 1.22075
5.03485 0.494685 1.4681
5.03485 -0.239364 1.71544
5.03485 -0.973412 1.96278
5.80945 1.37264 1.7076
5.80945 0.602583 1.62386
5.80945 -0.167477 1.54012
5.80945 -0.937538 1.45638
5.80945 -1.7076 1.37264
6.58405 0.528772 2.12613
6.58405 -0.134954 1.72679
6.58405 -0.798681 1.32745
6.58405 -1.46241 0.928112
6.58405 -2.12613 0.528772
7.35865 -0.412844 2.15165
7.35865 -0.847546 1.51053
7.35865 -1.28225 0.869403
7.35865 -1.71695 0.22828
7.35865 -2.15165 -0.412844
8.13325 -1.27815 1.77943
8.13325 -1.40347 1.01504
8.13325 -1.52879 0.250645
8.13325 -1.65411 -0.51375
8.13325 -1.77943 -1.27815
8.90785 -1.90718 1.07829
8.90785 -1.69996 0.331921
8.90785 -1.49273 -0.414446
8.90785 -1.28551 -1.16081
8.90785 -1.07829 -1.90718
9.68245 -2.18367 0.177819
9.68245 -1.68221 -0.412554
9.68245 -1.18075 -1.00293
9.68245 -0.679282 -1.5933
9.68245 -0.177819 -2.18367
10.4571 -2.05651 -0.75552
10.4571 -1.3535 -1.08077
10.4571 -0.650495 -1.40601
10.4571 0.0525124 -1.73126
10.4571 0.75552 -2.05651
11.2317 -1.5492 -1.5492
11.2317 -0.7746 -1.5492
11.2317 3.682e-15 -1.5492
11.2317 0.7746 -1.5492
11.2317 1.5492 -1.5492
-11.2317 -1.5492 -0.7746
-11.2317 -0.7746 -0.7746
-11.2317 4.44089e-15 -0.7746
-11.2317 0.7746 -0.7746
-11.2317 1.5492 -0.7746
-10.4571 -1.08077 -1.3535
-10.4571 -0.37776 -1.02825
-10.4571 0.325247 -0.703007
-10.4571 1.02825 -0.37776
-10.4571 1.73126 -0.0525124
-9.68245 -0.412554 -1.68221
-9.68245 0.0889095 -1.09184
-9.68245 0.590373 -0.501463
-9.68245 1.09184 0.0889095
-9.68245 1.5933 0.679282
-8.90785 0.331921 -1.69996
-8.90785 0.539144 -0.95359
-8.90785 0.746367 -0.207223
-8.90785 0.95359 0.539144
-8.90785 1.16081 1.28551
-8.13325 1.01504 -1.40347
-8.13325 0.889717 -0.639073
-8.13325 0.764395 0.125322
-8.13325 0.639073 0.889717
-8.13325 0.51375 1.65411
-7.35865 1.51053 -0.847546
-7.35865 1.07583 -0.206422
-7.35865 0.641124 0.434702
-7.35865 0.206422 1.07583
-7.35865 -0.22828 1.71695
-6.58405 1.72679 -0.134954
-6.58405 1.06307 0.264386
-6.58405 0.39934 0.663726
-6.58405 -0.264386 1.06307
-6.58405 -0.928112 1.46241
-5.80945 1.62386 0.602583
-5.80945 0.853799 0.686322
-5.80945 0.0837386 0.77006
-5.80945 -0.686322 0.853799
-5.80945 -1.45638 0.937538
-5.03485 1.22075 1.22873
-5.03485 0.486706 0.981391
-5.03485 -0.247342 0.734048
-5.03485 -0.981391 0.486706
-5.03485 -1.71544 0.239364
-4.26025 0.591992 1.62775
-4.26025 0.0296451 1.09505
-4.26025 -0.532702 0.562347
-4.26025 -1.09505 0.0296451
-4.26025 -1.6574 -0.503057
-3.48565 -0.146201 1.72588
-3.48565 -0.432896 1.00629
-3.48565 -0.719591 0.286695
-3.48565 -1.00629 -0.432896
-3.48565 -1.29298 -1.15249
-2.71105 -0.857368 1.50497
-2.71105 -0.815416 0.731511
-2.71105 -0.773463 -0.0419524
-2.71105 -0.731511 -0.815416
-2.71105 -0.689558 -1.58888
-1.93645 -1.41005 1.00587
-1.93645 -1.04721 0.321515
-1.93645 -0.68436 -0.362845
-1.93645 -0.321515 -1.04721
-1.93645 0.0413301 -1.73157
-1.16185 -1.70208 0.320839
-1.16185 -1.08542 -0.147913
-1.16185 -0.468752 -0.616665
-1.16185 0.147913 -1.08542
-1.16185 0.764578 -1.55417
-0.38725 -1.67949 -0.423503
-0.38725 -0.922991 -0.589999
-0.38725 -0.166496 -0.756495
-0.38725 0.589999 -0.922991
-0.38725 1.34649 -1.08949
0.38725 -1.34649 -1.08949
0.38725 -0.589999 -0.922991
0.38725 0.166496 -0.756495
0.38725 0.922991 -0.589999
0.38725 1.67949 -0.423503
1.16185 -0.764578 -1.55417
1.16185 -0.147913 -1.08542
1.16185 0.468752 -0.616665
1.16185 1.08542 -0.147913
1.16185 1.70208 0.320839
1.93645 -0.0413301 -1.73157
1.93645 0.321515 -1.04721
1.93645 0.68436 -0.362845
1.93645 1.04721 0.321515
1.93645 1.41005 1.00587
2.71105 0.689558 -1.58888
2.71105 0.731511 -0.815416
2.71105 0.773463 -0.0419524
2.71105 0.815416 0.731511
2.71105 0.857368 1.50497
3.48565 1.29298 -1.15249
3.48565 1.00629 -0.432896
3.48565 0.719591 0.286695
3.48565 0.432896 1.00629
3.48565 0.146201 1.72588
4.26025 1.6574 -0.503057
4.26025 1.09505 0.0296451
4.26025 0.532702 0.562347
4.26025 -0.0296451 1.09505
4.26025 -0.591992 1.62775
5.03485 1.71544 0.239364
5.03485 0.981391 0.486706
5.03485 0.247342 0.734048
5.03485 -0.486706 0.981391
5.03485 -1.22075 1.22873
5.80945 1.45638 0.937538
5.80945 0.686322 0.853799
5.80945 -0.0837386 0.77006
5.80945 -0.853799 0.686322
5.80945 -1.62386 0.602583
6.58405 0.928112 1.46241
6.58405 0.264386 1.06307
6.58405 -0.39934 0.663726
6.58405 -1.06307 0.264386
6.58405 -1.72679 -0.134954
7.35865 0.22828 1.71695
7.35865 -0.206422 1.07583
7.35865 -0.641124 0.434702
7.35865 -1.07583 -0.206422
7.35865 -1.51053 -0.847546
8.13325 -0.51375 1.65411
8.13325 -0.639073 0.889717
8.13325 -0.764395 0.125322
8.13325 -0.889717 -0.639073
8.13325 -1.01504 -1.40347
8.90785 -1.16081 1.28551
8.90785 -0.95359 0.539144
8.90785 -0.746367 -0.207223
8.90785 -0.539144 -0.95359
8.90785 -0.331921 -1.69996
9.68245 -1.5933 0.679282
9.68245 -1.09184 0.0889095
9.68245 -0.590373 -0.501463
9.68245 -0.0889095 -1.09184
9.68245 0.412554 -1.68221
10.4571 -1.73126 -0.0525124
10.4571 -1.02825 -0.37776
10.4571 -0.325247 -0.703007
10.4571 0.37776 -1.02825
10.4571 1.08077 -1.3535
11.2317 -1.5492 -0.7746
11.2317 -0.7746 -0.7746
11.2317 4.06145e-15 -0.7746
11.2317 0.7746 -0.7746
11.2317 1.5492 -0.7746
-11.2317 -1.5492 -1.19904e-14
-11.2317 -0.7746 -1.19904e-14
-11.2317 4.44089e-15 -1.19904e-14
-11.2317 0.7746 -1.19904e-14
-11.2317 1.5492 -1.19904e-14
-10.4571 -1.40601 -0.650495
-10.4571 -0.703007 -0.325247
-10.4571 9.27971e-15 -9.99246e-15
-10.4571 0.703007 0.325247
-10.4571 1.40601 0.650495
-9.68245 -1.00293 -1.18075
-9.68245 -0.501463 -0.590373
-9.68245 1.27717e-14 -6.01631e-15
-9.68245 0.501463 0.590373
-9.68245 1.00293 1.18075
-8.90785 -0.414446 -1.49273
-8.90785 -0.207223 -0.746367
-8.90785 1.41902e-14 -8.34526e-16
-8.90785 0.207223 0.746367
-8.90785 0.414446 1.49273
-8.13325 0.250645 -1.52879
-8.13325 0.125322 -0.764395
-8.13325 1.32121e-14 4.54016e-15
-8.13325 -0.125322 0.764395
-8.13325 -0.250645 1.52879
-7.35865 0.869403 -1.28225
-7.35865 0.434702 -0.641124
-7.35865 9.98297e-15 9.05222e-15
-7.35865 -0.434702 0.641124
-7.35865 -0.869403 1.28225
-6.58405 1.32745 -0.798681
-6.58405 0.663726 -0.39934
-6.58405 5.09099e-15 1.18099e-14
-6.58405 -0.663726 0.39934
-6.58405 -1.32745 0.798681
-5.80945 1.54012 -0.167477
-5.80945 0.77006 -0.0837386
-5.80945 -5.46282e-16 1.22608e-14
-5.80945 -0.77006 0.0837386
-5.80945 -1.54012 0.167477
-5.03485 1.4681 0.494685
-5.03485 0.734048 0.247342
-5.03485 -5.85974e-15 1.03016e-14
-5.03485 -0.734048 -0.247342
-5.03485 -1.4681 -0.494685
-4.26025 1.12469 1.0654
-4.26025 0.562347 0.532702
-4.26025 -9.83724e-15 6.30134e-15
-4.26025 -0.562347 -0.532702
-4.26025 -1.12469 -1.0654
-3.48565 0.57339 1.43918
-3.48565 0.286695 0.719591
-3.48565 -1.17221e-14 1.03138e-15
-3.48565 -0.286695 -0.719591
-3.48565 -0.57339 -1.43918
-2.71105 -0.0839049 1.54693
-2.71105 -0.0419524 0.773463
-2.71105 -1.11629e-14 -4.48269e-15
-2.71105 0.0419524 -0.773463
-2.71105 0.0839049 -1.54693
-1.93645 -0.72569 1.36872
-1.93645 -0.362845 0.68436
-1.93645 -8.28473e-15 -9.1603e-15
-1.93645 0.362845 -0.68436
-1.93645 0.72569 -1.36872
-1.16185 -1.23333 0.937505
-1.16185 -0.616665 0.468752
-1.16185 -3.66802e-15 -1.2077e-14
-1.16185 0.616665 -0.468752
-1.16185 1.23333 -0.937505
-0.38725 -1.51299 0.332991
-0.38725 -0.756495 0.166496
-0.38725 1.76183e-15 -1.26462e-14
-0.38725 0.756495 -0.166496
-0.38725 1.51299 -0.332991
0.38725 -1.51299 -0.332991
0.38725 -0.756495 -0.166496
0.38725 6.91235e-15 -1.07371e-14
0.38725 0.756495 0.166496
0.38725 1.51299 0.332991
1.16185 -1.23333 -0.937505
1.16185 -0.616665 -0.468752
1.16185 1.07389e-14 -6.70212e-15
1.16185 0.616665 0.468752
1.16185 1.23333 0.937505
1.93645 -0.72569 -1.36872
1.93645 -0.362845 -0.68436
1.93645 1.24452e-14 -1.31323e-15
1.93645 0.362845 0.68436
1.93645 0.72569 1.36872
2.71105 -0.0839049 -1.54693
2.71105 -0.0419524 -0.773463
2.71105 1.1644e-14 4.38606e-15
2.71105 0.0419524 0.773463
2.71105 0.0839049 1.54693
3.48565 0.57339 -1.43918
3.48565 0.286695 -0.719591
3.48565 8.4348e-15 9.28242e-15
3.48565 -0.286695 0.719591
3.48565 -0.57339 1.43918
4.26025 1.12469 -1.0654
4.26025 0.562347 -0.532702
4.26025 3.38921e-15 1.24094e-14
4.26025 -0.562347 0.532702
4.26025 -1.12469 1.0654
5.03485 1.4681 -0.494685
5.03485 0.734048 -0.247342
5.03485 -2.55707e-15 1.31377e-14
5.03485 -0.734048 0.247342
5.03485 -1.4681 0.494685
5.80945 1.54012 0.167477
5.80945 0.77006 0.0837386
5.80945 -8.28345e-15 1.13006e-14
5.80945 -0.77006 -0.0837386
5.80945 -1.54012 -0.167477
6.58405 1.32745 0.798681
6.58405 0.663726 0.39934
6.58405 -1.27015e-14 7.23096e-15
6.58405 -0.663726 -0.39934
6.58405 -1.32745 -0.798681
7.35865 0.869403 1.28225
7.35865 0.434702 0.641124
7.35865 -1.49674e-14 1.70091e-15
7.35865 -0.434702 -0.641124
7.35865 -0.869403 -1.28225
8.13325 0.250645 1.52879
8.13325 0.125322 0.764395
8.13325 -1.46491e-14 -4.22461e-15
8.13325 -0.125322 -0.764395
8.13325 -0.250645 -1.52879
8.90785 -0.414446 1.49273
8.90785 -0.207223 0.746367
8.90785 -1.18141e-14 -9.39258e-15
8.90785 0.207223 -0.746367
8.90785 0.414446 -1.49273
9.68245 -1.00293 1.18075
9.68245 -0.501463 0.590373
9.68245 -7.02181e-15 -1.27857e-14
9.68245 0.501463 -0.590373
9.68245 1.00293 -1.18075
10.4571 -1.40601 0.650495
10.4571 -0.703007 0.325247
10.4571 -1.21883e-15 -1.37218e-14
10.4571 0.703007 -0.325247
10.4571 1.40601 -0.650495
11.2317 -1.5492 -1.12315e-14
11.2317 -0.7746 -1.1611e-14
11.2317 4.44089e-15 -1.19904e-14
11.2317 0.7746 -1.23699e-14
11.2317 1.5492 -1.27493e-14
-11.2317 -1.5492 0.7746
-11.2317 -0.7746 0.7746
-11.2317 4.44089e-15 0.7746
-11.2317 0.7746 0.7746
-11.2317 1.5492 0.7746
-10.4571 -1.73126 0.0525124
-10.4571 -1.02825 0.37776
-10.4571 -0.325247 0.703007
-10.4571 0.37776 1.02825
-10.4571 1.08077 1.3535
-9.68245 -1.5933 -0.679282
-9.68245 -1.09184 -0.0889095
-9.68245 -0.590373 0.501463
-9.68245 -0.0889095 1.09184
-9.68245 0.412554 1.68221
-8.90785 -1.16081 -1.28551
-8.90785 -0.95359 -0.539144
-8.90785 -0.746367 0.207223
-8.90785 -0.539144 0.95359
-8.90785 -0.331921 1.69996
-8.13325 -0.51375 -1.65411
-8.13325 -0.639073 -0.889717
-8.13325 -0.764395 -0.125322
-8.13325 -0.889717 0.639073
-8.13325 -1.01504 1.40347
-7.35865 0.22828 -1.71695
-7.35865 -0.206422 -1.07583
-7.35865 -0.641124 -0.434702
-7.35865 -1.07583 0.206422
-7.35865 -1.51053 0.847546
-6.58405 0.928112 -1.46241
-6.58405 0.264386 -1.06307
-6.58405 -0.39934 -0.663726
-6.58405 -1.06307 -0.264386
-6.58405 -1.72679 0.134954
-5.80945 1.45638 -0.937538
-5.80945 0.686322 -0.853799
-5.80945 -0.0837386 -0.77006
-5.80945 -0.853799 -0.686322
-5.80945 -1.62386 -0.602583
-5.03485 1.71544 -0.239364
-5.03485 0.981391 -0.486706
-5.03485 0.247342 -0.734048
-5.03485 -0.486706 -0.981391
-5.03485 -1.22075 -1.22873
-4.26025 1.6574 0.503057
-4.26025 1.09505 -0.0296451
-4.26025 0.532702 -0.562347
-4.26025 -0.0296451 -1.09505
-4.26025 -0.591992 -1.62775
-3.48565 1.29298 1.15249
-3.48565 1.00629 0.432896
-3.48565 0.719591 -0.286695
-3.48565 0.432896 -1.00629
-3.48565 0.146201 -1.72588
-2.71105 0.689558 1.58888
-2.71105 0.731511 0.815416
-2.71105 0.773463 0.0419524
-2.71105 0.815416 -0.731511
-2.71105 0.857368 -1.50497
-1.93645 -0.0413301 1.73157
-1.93645 0.321515 1.04721
-1.93645 0.68436 0.362845
-1.93645 1.04721 -0.321515
-1.93645 1.41005 -1.00587
-1.16185 -0.764578 1.55417
-1.16185 -0.147913 1.08542
-1.16185 0.468752 0.616665
-1.16185 1.08542 0.147913
-1.16185 1.70208 -0.320839
-0.38725 -1.34649 1.08949
-0.38725 -0.589999 0.922991
-0.38725 0.166496 0.756495
-0.38725 0.922991 0.589999
-0.38725 1.67949 0.423503
0.38725 -1.67949 0.423503
0.38725 -0.922991 0.589999
0.38725 -0.166496 0.756495
0.38725 0.589999 0.922991
0.38725 1.34649 1.08949
1.16185 -1.70208 -0.320839
1.16185 -1.08542 0.147913
1.16185 -0.468752 0.616665
1.16185 0.147913 1.08542
1.16185 0.764578 1.55417
1.93645 -1.41005 -1.00587
1.93645 -1.04721 -0.321515
1.93645 -0.68436 0.362845
1.93645 -0.321515 1.04721
1.93645 0.0413301 1.73157
2.71105 -0.857368 -1.50497
2.71105 -0.815416 -0.731511
2.71105 -0.773463 0.0419524
2.71105 -0.731511 0.815416
2.71105 -0.689558 1.58888
3.48565 -0.146201 -1.72588
3.48565 -0.432896 -1.00629
3.48565 -0.719591 -0.286695
3.48565 -1.00629 0.432896
3.48565 -1.29298 1.15249
4.26025 0.591992 -1.62775
4.26025 0.0296451 -1.09505
4.26025 -0.532702 -0.562347
4.26025 -1.09505 -0.0296451
4.26025 -1.6574 0.503057
5.03485 1.22075 -1.22873
5.03485 0.486706 -0.981391
5.03485 -0.247342 -0.734048
5.03485 -0.981391 -0.486706
5.03485 -1.71544 -0.239364
5.80945 1.62386 -0.602583
5.80945 0.853799 -0.686322
5.80945 0.0837386 -0.77006
5.80945 -0.686322 -0.853799
5.80945 -1.45638 -0.937538
6.58405 1.72679 0.134954
6.58405 1.06307 -0.264386
6.58405 0.39934 -0.663726
6.58405 -0.264386 -1.06307
6.58405 -0.928112 -1.46241
7.35865 1.51053 0.847546
7.35865 1.07583 0.206422
7.35865 0.641124 -0.434702
7.35865 0.206422 -1.07583
7.35865 -0.22828 -1.71695
8.13325 1.01504 1.40347
8.13325 0.889717 0.639073
8.13325 0.764395 -0.125322
8.13325 0.639073 -0.889717
8.13325 0.51375 -1.65411
8.90785 0.331921 1.69996
8.90785 0.539144 0.95359
8.90785 0.746367 0.207223
8.90785 0.95359 -0.539144
8.90785 1.16081 -1.28551
9.68245 -0.412554 1.68221
9.68245 0.0889095 1.09184
9.68245 0.590373 0.501463
9.68245 1.09184 -0.0889095
9.68245 1.5933 -0.679282
10.4571 -1.08077 1.3535
10.4571 -0.37776 1.02825
10.4571 0.325247 0.703007
10.4571 1.02825 0.37776
10.4571 1.73126 0.0525124
11.2317 -1.5492 0.7746
11.2317 -0.7746 0.7746
11.2317 4.82034e-15 0.7746
11.2317 0.7746 0.7746
11.2317 1.5492 0.7746
-11.2317 -1.5492 1.5492
-11.2317 -0.7746 1.5492
-11.2317 4.44089e-15 1.5492
-11.2317 0.7746 1.5492
-11.2317 1.5492 1.5492
-10.4571 -2.05651 0.75552
-10.4571 -1.3535 1.08077
-10.4571 -0.650495 1.40601
-10.4571 0.0525124 1.73126
-10.4571 0.75552 2.05651
-9.68245 -2.18367 -0.177819
-9.68245 -1.68221 0.412554
-9.68245 -1.18075 1.00293
-9.68245 -0.679282 1.5933
-9.68245 -0.177819 2.18367
-8.90785 -1.90718 -1.07829
-8.90785 -1.69996 -0.331921
-8.90785 -1.49273 0.414446
-8.90785 -1.28551 1.16081
-8.90785 -1.07829 1.90718
-8.13325 -1.27815 -1.77943
-8.13325 -1.40347 -1.01504
-8.13325 -1.52879 -0.250645
-8.13325 -1.65411 0.51375
-8.13325 -1.77943 1.27815
-7.35865 -0.412844 -2.15165
-7.35865 -0.847546 -1.51053
-7.35865 -1.28225 -0.869403
-7.35865 -1.71695 -0.22828
-7.35865 -2.15165 0.412844
-6.58405 0.528772 -2.12613
-6.58405 -0.134954 -1.72679
-6.58405 -0.798681 -1.32745
-6.58405 -1.46241 -0.928112
-6.58405 -2.12613 -0.528772
-5.80945 1.37264 -1.7076
-5.80945 0.602583 -1.62386
-5.80945 -0.167477 -1.54012
-5.80945 -0.937538 -1.45638
-5.80945 -1.7076 -1.37264
-5.03485 1.96278 -0.973412
-5.03485 1.22873 -1.22075
-5.03485 0.494685 -1.4681
-5.03485 -0.239364 -1.71544
-5.03485 -0.973412 -1.96278
-4.26025 2.1901 -0.0592901
-4.26025 1.62775 -0.591992
-4.26025 1.0654 -1.12469
-4.26025 0.503057 -1.6574
-4.26025 -0.0592901 -2.1901
-3.48565 2.01257 0.865792
-3.48565 1.72588 0.146201
-3.48565 1.43918 -0.57339
-3.48565 1.15249 -1.29298
-3.48565 0.865792 -2.01257
-2.71105 1.46302 1.63083
-2.71105 1.50497 0.857368
-2.71105 1.54693 0.0839049
-2.71105 1.58888 -0.689558
-2.71105 1.63083 -1.46302
-1.93645 0.64303 2.09441
-1.93645 1.00587 1.41005
-1.93645 1.36872 0.72569
-1.93645 1.73157 0.0413301
-1.93645 2.09441 -0.64303
-1.16185 -0.295826 2.17084
-1.16185 0.320839 1.70208
-1.16185 0.937505 1.23333
-1.16185 1.55417 0.764578
-1.16185 2.17084 0.295826
-0.38725 -1.18 1.84598
-0.38725 -0.423503 1.67949
-0.38725 0.332991 1.51299
-0.38725 1.08949 1.34649
-0.38725 1.84598 1.18
0.38725 -1.84598 1.18
0.38725 -1.08949 1.34649
0.38725 -0.332991 1.51299
0.38725 0.423503 1.67949
0.38725 1.18 1.84598
1.16185 -2.17084 0.295826
1.16185 -1.55417 0.764578
1.16185 -0.937505 1.23333
1.16185 -0.320839 1.70208
1.16185 0.295826 2.17084
1.93645 -2.09441 -0.64303
1.93645 -1.73157 0.0413301
1.93645 -1.36872 0.72569
1.93645 -1.00587 1.41005
1.93645 -0.64303 2.09441
2.71105 -1.63083 -1.46302
2.71105 -1.58888 -0.689558
2.71105 -1.54693 0.0839049
2.71105 -1.50497 0.857368
2.71105 -1.46302 1.63083
3.48565 -0.865792 -2.01257
3.48565 -1.15249 -1.29298
3.48565 -1.43918 -0.57339
3.48565 -1.72588 0.146201
3.48565 -2.01257 0.865792
4.26025 0.0592901 -2.1901
4.26025 -0.503057 -1.6574
4.26025 -1.0654 -1.12469
4.26025 -1.62775 -0.591992
4.26025 -2.1901 -0.0592901
5.03485 0.973412 -1.96278
5.03485 0.239364 -1.71544
5.03485 -0.494685 -1.4681
5.03485 -1.22873 -1.22075
5.03485 -1.96278 -0.973412
5.80945 1.7076 -1.37264
5.80945 0.937538 -1.45638
5.80945 0.167477 -1.54012
5.80945 -0.602583 -1.62386
5.80945 -1.37264 -1.7076
6.58405 2.12613 -0.528772
6.58405 1.46241 -0.928112
6.58405 0.798681 -1.32745
6.58405 0.134954 -1.72679
6.58405 -0.528772 -2.12613
7.35865 2.15165 0.412844
7.35865 1.71695 -0.22828
7.35865 1.28225 -0.869403
7.35865 0.847546 -1.51053
7.35865 0.412844 -2.15165
8.13325 1.77943 1.27815
8.13325 1.65411 0.51375
8.13325 1.52879 -0.250645
8.13325 1.40347 -1.01504
8.13325 1.27815 -1.77943
8.90785 1.07829 1.90718
8.90785 1.28551 1.16081
8.90785 1.49273 0.414446
8.90785 1.69996 -0.331921
8.90785 1.90718 -1.07829
9.68245 0.177819 2.18367
9.68245 0.679282 1.5933
9.68245 1.18075 1.00293
9.68245 1.68221 0.412554
9.68245 2.18367 -0.177819
10.4571 -0.75552 2.05651
10.4571 -0.0525124 1.73126
10.4571 0.650495 1.40601
10.4571 1.3535 1.08077
10.4571 2.05651 0.75552
11.2317 -1.5492 1.5492
11.2317 -0.7746 1.5492
11.2317 5.19978e-15 1.5492
11.2317 0.7746 1.5492
11.2317 1.5492 1.5492
